object Form3: TForm3
  Left = 0
  Top = 0
  Caption = 'Enregistrer la tactique'
  ClientHeight = 171
  ClientWidth = 490
  Position = ScreenCenter
  FormFactor.Width = 320
  FormFactor.Height = 480
  FormFactor.Devices = [Desktop]
  OnShow = FormShow
  DesignerMasterStyle = 0
  object Button1: TButton
    Align = Right
    Margins.Left = 3.000000000000000000
    Margins.Top = 3.000000000000000000
    Margins.Right = 3.000000000000000000
    Margins.Bottom = 3.000000000000000000
    Position.X = 407.000000000000000000
    Position.Y = 122.000000000000000000
    Size.Width = 80.000000000000000000
    Size.Height = 46.000000000000000000
    Size.PlatformDefault = False
    TabOrder = 5
    Text = 'Enregistrer'
    OnClick = Button1Click
  end
  object Label1: TLabel
    Align = Top
    Margins.Left = 2.000000000000000000
    Margins.Top = 2.000000000000000000
    Margins.Right = 2.000000000000000000
    Margins.Bottom = 2.000000000000000000
    Position.X = 2.000000000000000000
    Position.Y = 2.000000000000000000
    Size.Width = 486.000000000000000000
    Size.Height = 17.000000000000000000
    Size.PlatformDefault = False
    Text = 'Enregistrez la tactique sous ...'
    TabOrder = 0
  end
  object Label3: TLabel
    Align = Top
    Margins.Left = 5.000000000000000000
    Margins.Top = 5.000000000000000000
    Margins.Right = 5.000000000000000000
    Margins.Bottom = 5.000000000000000000
    Position.X = 5.000000000000000000
    Position.Y = 26.000000000000000000
    Size.Width = 480.000000000000000000
    Size.Height = 17.000000000000000000
    Size.PlatformDefault = False
    Text = 'Nom du dossier'
    TabOrder = 1
  end
  object Label4: TLabel
    Align = Top
    Margins.Left = 5.000000000000000000
    Margins.Top = 5.000000000000000000
    Margins.Right = 5.000000000000000000
    Margins.Bottom = 5.000000000000000000
    Position.X = 5.000000000000000000
    Position.Y = 75.000000000000000000
    Size.Width = 480.000000000000000000
    Size.Height = 17.000000000000000000
    Size.PlatformDefault = False
    Text = 'Nom du fichier'
    TabOrder = 3
  end
  object EditNomFichier: TEdit
    Touch.InteractiveGestures = [LongTap, DoubleTap]
    Align = Top
    TabOrder = 4
    Position.X = 5.000000000000000000
    Position.Y = 97.000000000000000000
    Margins.Left = 5.000000000000000000
    Margins.Right = 5.000000000000000000
    Size.Width = 480.000000000000000000
    Size.Height = 22.000000000000000000
    Size.PlatformDefault = False
  end
  object Panel1: TPanel
    Align = Top
    Margins.Left = 5.000000000000000000
    Margins.Right = 5.000000000000000000
    Position.X = 5.000000000000000000
    Position.Y = 48.000000000000000000
    Size.Width = 480.000000000000000000
    Size.Height = 22.000000000000000000
    Size.PlatformDefault = False
    TabOrder = 2
    object EditNomDossier: TEdit
      Touch.InteractiveGestures = [LongTap, DoubleTap]
      Align = Left
      TabOrder = 0
      Size.Width = 481.000000000000000000
      Size.Height = 22.000000000000000000
      Size.PlatformDefault = False
    end
    object SpeedButton1: TSpeedButton
      Align = Right
      Position.X = 429.000000000000000000
      Size.Width = 51.000000000000000000
      Size.Height = 22.000000000000000000
      Size.PlatformDefault = False
      Text = '...'
      OnClick = SpeedButton1Click
    end
  end
end
